8.735399531659759909e-01
2.428010344273310306e-01
7.886522357730511024e-01
-3.385203782162662933e-02
-1.879532022450842721e-01
1.233306637733686539e+00
-3.984314634150212253e-01
5.092216828006385088e-01
8.813789191482570562e-01
-3.391039157230709700e-01
1.160922111605575902e+00
6.543121197474008888e-01
6.067528224232404677e-01
1.069622510790592784e+00
5.272709661155418059e-01
9.928444133831341167e-01
6.624399525561415203e-01
4.659476212943806095e-01
9.044692358445183267e-01
-7.477694274327484347e-02
7.248018818493051629e-02
1.212757291805478532e+00
1.350306537247589755e+00
1.402436131491074711e+00
1.261775318699881909e+00
1.486173087793955627e+00
2.668561301806926522e-01
6.971578802767541827e-01
4.278677089638018849e-01
5.556414660126856031e-01
7.040007397829448621e-01
8.941841964643054697e-01
3.580703137050663676e-01
8.209006464881190013e-01
1.332857109432718623e+00
1.654500518740759984e+00
1.002408304712443687e+00
8.917455844182198277e-02
3.443085880757248418e-01
1.515221332570377388e+00
5.818107154181657581e-01
1.352767738238715989e-01
1.033444290812250532e+00
-1.273312023079267163e-01
1.189191567496046265e+00
1.162375971750263082e+00
1.210486864299105569e+00
1.732275384006248808e+00
7.008889838391585414e-01
1.756322287788925074e+00
3.773601502443133526e-01
3.924885951770322734e-01
1.598260276984633688e+00
9.051333150372058434e-01
1.237942837117667283e+00
1.206098280855876226e+00
4.324479495534401252e-01
9.750751554430410195e-01
5.672095840893391916e-01
1.232449680163747230e+00
1.111231270151430195e+00
1.483528570990856110e+00
1.936826209381998343e+00
1.638511257610322680e+00
8.205695182536509868e-01
1.757656104133559216e+00
8.130806449099998723e-01
1.749768708481369783e+00
1.523713601900007486e+00
1.357856648528540600e+00
1.192333900521804768e-01
1.695308952242481126e+00
2.049395474422146979e+00
1.025844928699031877e+00
1.382151412169163818e+00
1.778801463387833959e+00
4.809294361108320537e-01
2.125995205277345868e+00
2.021385632161301960e+00
2.683786189621293339e-01
5.268750501702235134e-01
1.516695412532131915e+00
1.024475613433979193e+00
4.254548298015943253e-01
3.601019387181461084e-01
8.783598226826809796e-01
1.011956987215916648e+00
1.095060957660409562e+00
4.616784565806502094e-01
6.590874269225632798e-01
1.326988100358877709e+00
1.418013983551017487e+00
1.505802129477397555e+00
1.057738038470445563e+00
3.100399431082818680e-01
1.769819613543395898e+00
2.099183905873528655e+00
7.176922007839352524e-01
2.068347096512984429e+00
2.664248135572544474e-01
3.960802934615397231e-01
9.701916525521188106e-01
1.988425234603107272e+00
1.554861814793659258e+00
6.844889657926369608e-01
3.073035489018851596e-01
1.673287211723041290e+00
8.725671111417081516e-01
1.300571853187004301e+00
1.723398469158568425e+00
6.496526420051917938e-01
1.829938731525690088e+00
8.854625703020875260e-01
4.069518402505734045e-01
1.033237150723765430e+00
1.595097713226129699e+00
1.610375080498389178e+00
1.666997679131172472e-01
2.312659175638396292e-01
2.410797073417711989e-01
1.735587416412262662e+00
2.060683284015063066e+00
1.958331383212543741e-01
3.742470665467370061e-01
3.225587393200488595e-01
1.281769885110565221e+00
8.132238979495696185e-01
7.680230536826091470e-01
1.738551273135403363e+00
1.178221712441756219e+00
1.088768914969658663e+00
6.941338868846311794e-01
1.176083680164623502e-01
1.511028118969768963e+00
2.150438137108754422e-01
1.505927652837016018e+00
7.013530748065142095e-01
5.814646460284917939e-01
6.323987532316506233e-01
1.291050047955754732e+00
-1.915251883026769519e-03
3.321121946300986671e-01
5.730622890838665828e-01
2.243563531530543553e-01
1.425414589266408738e+00
6.361377629510518439e-01
6.205785166272501652e-01
1.584834693434411301e+00
2.311252168545672170e-01
-6.080936541989445665e-02
3.316211347235742402e-02
1.302677201133682017e+00
1.779329455831160089e+00
1.043421251484011547e+00
1.443289829789534462e+00
-1.180050271568917619e-01
1.563115769079536532e+00
1.741428176205081613e+00
6.699974248467144289e-01
8.407206964943241267e-01
9.552605051968729999e-01
-1.602768185888263641e-01
-1.374258302464385073e-01
7.998446950429365376e-01
1.020631987261360507e+00
7.139876216197091896e-01
-1.999528084816187823e-01
1.104261798279924101e+00
3.660959412695743431e-01
9.270070175200737506e-01
3.373595976916756722e-01
1.195511981425281700e+00
-8.827245592112176187e-02
-4.502704152795806714e-01
1.175011224042100677e-01
1.041590199698011698e+00
9.380900996446230877e-01
-1.763229031073437203e-01
-5.394617776739151216e-01
1.377538572838212350e+00
8.775838148147707685e-02
-5.346180238295186182e-01
9.857052862798485471e-01
1.489689102416414945e-01
-5.812548645375326117e-02
8.882201377386594876e-01
-1.929142471655853619e-02
-5.373980571876657564e-06
1.136032303497555906e+00
7.867922627017440718e-01
-2.862252281117620978e-01
-6.337899568465740763e-02
-4.365909090155969396e-01
9.371799069570763141e-02
-8.110211733271804890e-01
1.081111647332734793e-01
1.854963839055494834e-01
9.397465271931595421e-01
2.168173560244028575e-02
-3.099084837270632553e-01
5.696077236547655853e-02
-9.433761813188390466e-02
9.697356242380588132e-01
-4.819286937591260589e-04
5.679816636036767452e-01
-2.237036208898048328e-01
9.335746085847603792e-01
4.750232762076539439e-01
-1.137656336847631677e-01
-7.623833545330886974e-01
-2.110962607430683646e-01
-8.453402757498307274e-01
-1.038427734456831564e+00
2.139579981345080539e-01
5.928442971273306661e-01
-4.851009954894612286e-01
-4.931089260395849494e-01
-8.135270539744785534e-01
8.169505970530649419e-02
7.519305984104224239e-02
-7.816200748422759137e-01
-1.142833338276116883e+00
-1.011772156314057480e-01
-2.521112364550697760e-01
2.665888852844993107e-01
-1.212516436722795188e+00
-8.193842060234919344e-01
6.133597593771711320e-01
-1.256621583722705937e+00
1.175489371894058999e-01
-1.319929913456909798e+00
-2.238176871976675364e-01
-4.917457655922758408e-01
3.888071966635536780e-02
-1.016177506172183387e+00
-3.908104483204428159e-01
-1.130726535557769807e+00
-1.094371040689327224e+00
1.144225047806848861e-01
-1.239395692669988724e+00
2.413466526911169363e-01
-1.158766107059962636e+00
1.363281183782882877e-01
-6.946106833646126244e-01
-1.144317546779243466e+00
2.299248077053532846e-01
-1.169287716436268942e+00
-1.241282750245248589e+00
-2.264364140650358959e-01
-5.405159060106612401e-01
-9.664219300311183147e-01
-1.212201784684487693e+00
2.465894062067892634e-01
-5.826509010346614392e-01
-3.547603639419842914e-01
-1.600636176994006066e+00
-3.036890341956051120e-01
-1.135570423344594015e+00
-5.475188753991044877e-02
-8.141118668249045509e-01
-6.092136089201121152e-01
-5.298461380914294416e-01
-1.266741208032218236e+00
-3.825869385756455188e-01
-1.639903343608884567e+00
-1.631246788187882935e+00
-8.525314359067626135e-02
-8.170351709561998188e-01
-1.074591072600137309e-01
-9.624056830302958332e-01
1.321321662214129944e-01
-1.105890839237723799e+00
-1.344935119820140912e+00
-2.304981416553530948e-01
-1.021389616549882362e+00
-9.913772074458271355e-02
-3.856691177215054722e-02
-8.961844033334711579e-01
-2.343810705776050440e-03
-6.954254777530839426e-01
-1.115623262249812342e+00
-1.312353451073566823e-02
-1.638974430207486899e+00
-1.121410004096624391e+00
-4.553232727294012072e-01
-5.304882192099025229e-01
-3.298648774761316904e-01
-3.426488002572898317e-01
-1.582080360438673727e+00
-1.518831791522087693e+00
-2.925020572724377210e-01
8.390431812068310791e-02
4.402314756422320841e-02
7.305756745706215582e-03
1.023828887046627223e-01
-1.201834251659859243e+00
-1.698622661143744939e+00
-1.970187617104597333e-01
1.040217989627438833e-01
-1.264551260234455743e+00
-1.171170593690658013e+00
-1.166581873596106655e+00
-1.544702526158352462e-01
-8.571138577324661778e-01
-8.194462664562773835e-01
-5.555439169651046338e-01
-7.600596488567818998e-01
-1.047606925324961136e+00
2.077123060804213495e-01
-1.149143246259117790e+00
-4.209283586942569322e-02
-1.191701081384682004e+00
-1.123452414430548219e+00
-5.179923304547309204e-01
-3.117666781637351558e-01
-1.249668803033447739e+00
-4.177260219824288079e-01
-8.694960365353492371e-01
-1.158011989165190769e+00
-1.033828000333433472e+00
2.260413539414625195e-01
8.550865379989014414e-02
-9.781195352989164871e-01
-1.250730840071809569e+00
-4.374051360079200812e-01
-5.666241496034229996e-03
-8.721566330276999679e-01
-1.587557706459210571e-01
1.915096403207001696e-01
4.370606933071141675e-02
-1.233096909044628653e-01
-2.011559559029834077e-01
-3.912757713986614316e-01
-1.284557889600639546e+00
-1.164998018746613795e+00
-1.401688682285559207e+00
-1.029569084977257631e-01
2.142595050465143647e-01
-1.501305845851956811e-01
9.416506798137563861e-02
-3.028792995058857129e-01
1.898218801663052457e-01
3.604931576375556834e-01
-1.258391992912704982e+00
6.009875449137219716e-02
-8.098791261829756394e-01
-6.616329969194885141e-01
5.014590980174842283e-01
-8.550811087530878485e-01
-1.358831313606515545e+00
-2.507712976235651481e-01
1.456748444593972125e-01
3.534281943193979258e-01
-1.396089824042306970e-02
4.686646999772507427e-01
3.000368591553376207e-01
-1.004020111613836530e+00
5.181361100165771116e-01
-3.260536631323334711e-01
5.274887143152983127e-01
2.614113096621418220e-01
-5.667387637851569737e-01
4.546218462184009601e-02
6.970668176551548800e-01
-6.397403923350644117e-01
-1.101938163497664824e+00
-4.340462704990882825e-02
-1.027763597998461176e-01
-1.079450246224360921e+00
-1.058240995161649156e+00
-9.276866822848052196e-01
-8.115085880467888257e-01
3.129201343617560305e-02
9.666921507965801075e-01
-2.457347332904353809e-01
7.123385492872931213e-01
1.650018080234574303e-01
-1.327402839774030618e-02
-8.064912647223001496e-01
-2.767650407163499970e-01
-6.985344409667210153e-01
1.340346867896153871e-01
6.519643483350162638e-02
-5.701049783861378284e-01
2.941600659471208523e-01
-5.606920194495799148e-01
3.924721176854071292e-01
2.544076983254380808e-01
2.205405515647702597e-01
5.366151958793129451e-01
-4.722446471968018145e-01
1.184177341147859330e+00
3.659733603812019287e-01
1.467094452337730504e-02
5.564103391974296597e-01
-1.022022781074654607e-01
-9.216115476449077137e-02
7.045423028308548385e-01
-1.661085072678327168e-01
-3.390901650152832181e-01
-5.074023567326528816e-01
1.077149717183114364e+00
7.121333085687219233e-01
4.049863202648933957e-01
-2.405911421915309378e-01
-4.132266615682400612e-01
1.192042783608816769e+00
1.172887332774994462e+00
-2.652063052257989106e-01
3.341819664174550120e-02
1.082128171394679983e+00
-2.867804035127541340e-02
1.368785458540763278e-01
4.611064571319787309e-01
4.361114027772237112e-01
-1.878836359607169992e-01
1.296818288859730384e+00
9.001335054343839737e-02
4.092170152609961864e-01
-1.544307413667287410e-01
9.218334752520402908e-01
1.072462543230709109e+00
-2.240222449487812018e-01
1.210677877310149864e+00
1.398204497154681869e+00
1.212652168107568595e-01
7.258148079489850080e-01
3.409606035688650394e-02
1.175616145532950352e+00
1.186161584356051568e+00
4.308108100115601857e-01
4.943348787411063761e-01
1.466496724837705212e+00
1.803225817361833183e+00
7.718982650217749431e-01
1.311157275619997620e+00
1.111400526889899876e+00
1.198992841950244692e+00
1.806296696575191874e+00
5.136386320063686117e-01
1.557738230434930760e-01
8.056779536196478908e-02
3.142645422982308645e-01
1.242974572082417239e+00
3.414315189253416261e-01
1.813340527381883671e+00
7.318647502952502215e-02
1.050630359294810301e+00
7.979548832126015512e-02
1.781424311794070903e+00
1.253324377946302137e+00
1.467520046683119750e+00
1.514117284024578902e+00
1.429590101357823828e+00
4.911721510741442476e-01
8.872814473061898521e-01
2.070860708981864029e+00
1.067640198786570460e+00
1.985798842841066447e+00
1.949031761518089656e+00
3.236669798380031882e-01
1.400831401205641980e+00
1.645154878204563076e+00
4.530655073305585034e-01
4.788866145409036434e-01
1.280687626218657726e+00
1.916745195910717570e+00
1.788270929540108689e+00
6.186820730973869864e-01
2.287968383434761943e-01
1.035253001603868572e+00
1.229504833829948129e+00
9.600297835157576287e-01
5.163660749946945572e-01
1.103996074913798253e+00
5.573371924013112988e-01
1.126506784606177813e+00
2.142508482984752938e+00
1.196846215334985919e+00
1.288651180034193100e+00
2.050125247059650935e-01
1.238264225793036966e+00
1.087476056997466634e+00
7.236453765068431299e-01
2.114091218524976945e+00
1.656809336183417969e+00
1.461070856471197388e+00
9.724591662056825125e-01
5.134532113800014397e-01
1.725840987505375290e+00
2.093390235220511375e+00
8.626198708763985756e-01
2.024175760456675022e+00
1.916168514146449064e+00
1.778737974956706713e+00
5.778859496912294169e-01
1.680326276812869501e+00
1.382060405032490280e+00
1.484446798576247728e+00
1.268176862733832566e+00
1.741654801518331741e+00
3.602606743468146355e-01
1.430469655288666653e+00
1.075128708662112187e+00
1.969597061144287009e+00
1.884435571327217840e+00
5.618113826200696881e-01
5.730043359567551509e-01
1.820717772992753503e+00
2.124763364500299456e-01
8.371033317730021128e-01
1.473798596953651563e+00
1.643274879696072999e+00
1.809604172296803704e-01
3.082628972980148152e-01
1.239096999017807121e+00
1.156662996918994546e+00
1.256192613872270991e+00
6.785042236934240023e-01
1.890249533814238214e+00
1.213829537124317959e+00
1.061962410565905790e+00
1.694389147851601773e+00
9.499741612389087653e-01
1.024678786834285926e+00
-1.583512003167997229e-02
1.931877961234503172e+00
8.441245274500210893e-01
2.900612334499532707e-01
1.392891990052227635e+00
9.944803181298944583e-01
2.259861486864471747e-01
1.052775868611548482e-01
6.193899613125513071e-01
1.144622156973513771e+00
8.885673433142191602e-01
1.584844944427331814e+00
8.937077232075152367e-01
-9.313483816591450193e-02
1.046427406929902881e+00
8.656744119846138119e-02
-1.834240183223674325e-01
1.144629351666809569e+00
7.961708845554826830e-01
1.379046431434534759e+00
1.202001325508981200e+00
9.271027790918069389e-01
-6.171232026297013284e-02
1.149856284918430838e+00
1.007945907657333162e+00
3.634142383459832981e-01
1.413171767554628033e+00
4.794883238260516656e-02
-1.843219640963359440e-01
1.172192164699637162e+00
1.553964573203364008e+00
6.685603468719873987e-01
1.342845103545537322e+00
1.401747228253730215e-01
1.298685453451809746e+00
1.356544572359951406e+00
1.900108891260443023e-01
1.175394940374009822e+00
1.248354943872247880e+00
9.352194190896160331e-01
1.112796094879612507e+00
-3.261225997032290436e-01
8.143810358558467577e-01
1.813105157940396728e-01
-2.175562129610412176e-01
-2.658509825250678360e-01
9.784039957042346414e-01
1.278068549286931255e+00
3.933024590537509968e-01
7.090114783835113066e-01
9.814822576839012935e-01
-1.328315847281848205e-01
3.694597320735364399e-01
-1.379558437537719839e-01
4.667612108284018291e-01
-3.980260140478111275e-01
-4.834863396687047454e-01
6.765071474463818513e-01
-8.283890381944909453e-01
2.718981306154183430e-02
7.876784559543460462e-01
-7.546167645571424387e-01
-7.841327017008660194e-01
9.610982305215087784e-01
-6.583332841669621294e-01
3.540350323427414736e-01
3.562402106229133336e-01
4.312049690220592923e-01
-2.644679369339186237e-01
6.582448135782603682e-01
-8.612461335624449488e-02
8.451839932839871894e-01
-4.916028477510602790e-01
-6.058247995825680743e-01
-4.078624384294874394e-01
-4.590274225636740701e-01
6.156973039395905456e-01
-1.138849892168269706e+00
4.113519072533619036e-01
-5.625574263197696823e-01
4.674526681362882741e-01
6.372443961611726770e-01
-4.154164854763255921e-01
4.176608417082857128e-01
-1.229519295254620559e+00
-8.919521728418148276e-01
-2.499275593303530996e-01
-5.157371238994884477e-02
2.472061023090948995e-02
-1.015880830192290363e+00
4.321431933011383175e-01
-7.913771827981401774e-01
-1.371493769519740225e+00
-5.371593380937583762e-02
3.206390447024327073e-01
1.549410136853129338e-01
1.106900575036340872e-01
5.619030567320032477e-02
3.822107824454512026e-01
2.140697492537884661e-01
-6.806631429307195003e-01
-5.465170837282157246e-02
-5.229711354646249255e-01
5.596762579753122857e-02
1.736135962677010092e-01
2.199473093419856973e-01
-1.540146302060292793e+00
-4.499245266019107348e-01
-2.341327018539520743e-01
2.265185766339181672e-01
-1.498485947614778269e+00
-5.725861045768010360e-01
-1.267684947228473247e+00
-7.079366426331465956e-01
-3.901540949935955460e-02
1.652496287686464616e-01
-1.335139151650773348e+00
1.287895698028675984e-01
-1.655381909524543227e+00
-1.078876360033087956e+00
-1.986535656520986848e-01
-9.415355434403076540e-01
-1.375477389590664457e+00
-1.716775944183352998e-01
-2.848059325935348163e-02
-1.021863277014813276e+00
-1.507615485319516280e+00
-1.692726780361506922e+00
2.094112246082187045e-01
-5.536578469839901206e-01
-1.087891393525732608e+00
-5.056658295033285011e-01
-5.191232120118955962e-01
-3.834879795656271906e-01
-1.542966376420229047e+00
-1.443623670765525890e-01
-8.549767679925872610e-01
-5.549723697716182347e-01
3.982351413697826636e-02
-4.561624351128179544e-01
1.369343969874103895e-01
-1.487557044925773342e+00
-9.011451959917158305e-01
-6.082068340903081793e-01
-7.790974814990638819e-01
-1.460258060597796614e-02
-1.226684912232987035e-01
-1.637999552423757388e+00
-1.423354144975865987e+00
-2.327678179648631218e-01
-3.082891693364508967e-02
-1.548154481424125928e+00
-1.210528606113459249e+00
-1.683748462160604698e+00
2.477190278969443327e-02
-6.669646160368436494e-01
-7.657047970938637427e-01
1.281689616039809465e-01
7.662851129524472782e-02
-1.304605492790816168e+00
-6.618494504363561237e-01
-1.483686075142503613e+00
-5.629815324925642184e-01
-1.433037357438588844e+00
-1.112948625064451802e+00
-8.724788446123898922e-03
-3.491784559623554163e-01
-1.403206917034357959e+00
-1.151022816483025624e+00
-7.424151108664118759e-01
-1.203965713020981987e+00
-4.076311849777216612e-01
-5.759570902383792657e-01
-1.101333646110335129e+00
1.780803575795300020e-01
-7.866033681329640537e-01
-1.017810248653723271e+00
2.216786360504026110e-01
-1.523999500536072915e+00
-8.527011545048310825e-01
-1.255324579974286703e+00
-6.462249469971070859e-01
-6.196927739003665891e-01
2.561813789293043708e-01
-1.278892292834018951e+00
-2.960064469279126698e-01
-6.182783626656727094e-01
-1.420382293484190539e+00
-1.410758666932537819e+00
-8.360555797140394318e-01
-4.824404766612646611e-01
5.655033147800403448e-02
-7.779400493842236752e-01
-6.600046885969090837e-01
-4.751241860058172950e-01
-4.911424900289864670e-01
-1.509915446673272932e+00
-1.247486264930341315e+00
-2.823036777297356359e-01
-1.473430030140470359e+00
-9.888319595231396253e-01
4.674389148009133743e-02
-7.758380922341758801e-01
4.977528896601229880e-02
1.056196965007448196e-01
-6.912371218924155958e-01
3.252417425031056686e-02
-1.128107781567221579e+00
-3.129630224921193249e-01
2.864453351624112742e-01
-5.578312720327971430e-01
-6.652970139924669901e-01
-2.137366197533380197e-02
-8.904982018661358190e-01
-6.880493617299034970e-01
-7.824291989793873414e-01
6.800536726918153807e-01
4.158012661188933978e-01
-3.044877591644393200e-01
3.110392653491321213e-01
1.520105887374336717e-01
-9.848897249484279692e-01
-1.041895173193381874e+00
1.177874523332034240e-01
5.486082296575932604e-01
-1.725994917183830690e-01
8.367756928421291596e-01
-7.544577482116623379e-01
-5.301155014943479404e-01
8.905067839344701364e-01
-3.552254870120047370e-01
9.860113971945361211e-02
-4.796064467888739302e-01
-9.604307099237718859e-02
6.704795335773501286e-01
-1.646356593531471402e-01
7.590124129891958615e-01
2.912750995169796631e-02
6.609257412406273069e-01
7.528016697209488628e-01
-8.311409308687935926e-01
-3.232000660180472384e-01
6.654951320683313298e-01
5.765688919389886369e-01
-5.781445936531708352e-01
3.266770623090407555e-01
2.823589122841807519e-02
1.107812595307710257e+00
6.912732081197732192e-01
5.596664625269199833e-01
8.163230972908451788e-01
-6.998188079593459232e-03
4.990652708671551308e-01
9.267863627459528297e-01
7.506199022352524342e-01
-4.801339083935199925e-01
4.684720850790642377e-01
4.893499374052212580e-01
2.171980403497210110e-01
-4.757397636184314549e-01
9.125851521733951977e-01
5.184208403909660312e-01
7.810340375474067454e-02
1.059982571933731244e+00
4.221941780695614432e-01
1.023480833520301170e+00
1.466685615864887771e+00
2.684319562999344377e-01
5.079097508690313401e-01
2.508919674102667585e-01
1.431677128524527109e+00
7.800867539533782313e-01
1.327098055014751310e+00
8.307738645998180571e-01
-9.872875748064280366e-02
4.871682820910034906e-01
5.760121847981267695e-01
5.417844460247875915e-01
1.248937374699019776e+00
2.366914296491564595e-01
1.186714969207321779e+00
1.043001662740794089e+00
2.907020460901521552e-02
3.156111901189799784e-01
1.542697917326747437e+00
3.049564409397347298e-01
2.540337528188449934e-01
1.684784663883071465e+00
2.745886911850434764e-01
1.677538129004089162e+00
5.966002753790562441e-01
1.959523131780027683e-01
1.545769861294703285e+00
9.692672625963145716e-01
-6.204266209097086815e-02
6.285501269728843710e-02
6.054749946118453963e-01
1.049350038462577794e+00
3.350137418105170184e-02
4.866772767469018657e-01
1.541609798218745997e-01
1.963452399444000740e+00
1.812249525337878531e+00
2.840613385425572179e-01
1.829426545241045865e+00
1.676909799570281745e+00
1.944377011423315871e+00
1.559537765634511519e+00
2.309749951222375142e-01
1.800081358121531805e+00
1.308026545783572026e+00
9.248178523598362677e-01
1.733036334706189230e+00
1.283525964225435301e+00
1.544287791388963660e+00
1.536424877679042122e+00
1.288572141398192095e-01
1.759739639360315744e+00
2.096028703893884959e+00
9.718438611222974810e-01
1.148784627165900796e+00
7.172793769455030333e-01
1.943280333231014900e+00
6.202852294637386521e-01
1.129546485648778908e+00
2.699845759620018715e-01
1.478179860686892555e+00
4.055757589671593610e-01
1.859869655717405035e+00
1.856538340894790418e+00
6.209982769419519766e-01
1.892344574821942516e-01
5.837622429983400085e-01
1.519139637836547818e+00
1.493718982744706825e+00
2.800718665122916562e-01
1.445590835281968189e+00
8.540397480338306480e-01
5.923679385588309643e-01
1.457718249428936685e+00
2.041882469487262153e+00
1.926638492545185821e+00
8.325979289030895902e-01
8.550977127961703061e-01
2.151355333773325995e+00
5.566573155406899787e-01
4.969176290200318924e-01
6.962429924307718121e-01
2.016707196386040568e-01
2.888782812585082294e-01
1.049977804548885230e+00
1.665499130029363561e+00
1.963969288224559406e+00
1.477079812882856391e+00
1.396112127655278368e+00
2.148184536146938495e+00
3.357716964215584632e-01
1.933930155517034066e+00
1.702028188353124083e-01
6.535581111122912290e-01
6.610677728013618637e-01
1.964992574389311297e+00
1.237788991236497216e+00
1.682791484103676183e+00
1.307501303317151198e+00
1.688360867704903567e+00
1.329144998047917747e+00
2.114178891859006981e+00
5.961333244029258793e-01
1.632102421957819294e+00
1.231040453159050418e+00
9.651067820241721051e-01
1.472900728611975518e+00
1.267328528197429360e+00
3.885175458323988362e-01
1.860514134967646838e+00
3.425680641970447748e-01
1.953051954675237845e-01
1.099778942759812139e+00
7.362923313763380939e-01
1.074196303185485313e+00
1.019438306256046589e+00
1.275105825734187182e+00
1.555356779028135739e+00
1.395909780279120271e+00
3.724413094575733663e-01
1.931958996676925722e-01
1.541282518054047257e+00
1.161672522907036820e+00
4.824220909594578721e-01
3.829828618530206619e-02
1.056071161403385528e+00
1.396415357939553958e+00
1.460252191355879692e+00
7.231664516662079656e-01
9.490871659263449001e-01
9.220010591578331471e-02
2.875371094096914604e-01
6.630190685702801456e-01
8.445169969875272464e-01
8.510354104408857090e-02
8.944076547587493931e-01
8.387367628043040924e-01
1.514567877569779508e+00
-1.125017680343571858e-01
9.241287750950804014e-01
-2.296290118379831213e-01
-1.077011163389021142e-01
1.650968349812711011e+00
-1.887086792612715502e-01
5.532220638518628997e-01
6.202590521922037858e-01
7.993034052150853608e-01
-2.917829249880742326e-01
1.313951808944105126e+00
-7.453088369081484199e-02
5.175148701103633453e-01
1.371920429583449952e+00
5.406032138844273360e-01
4.887556528020035040e-01
1.684669563102860756e-01
1.211378105526202509e+00
1.028668992845467312e+00
-7.749208926827455546e-02
1.152369457390455931e+00
7.861460560509994089e-01
3.852163973464733382e-01
9.918520078693054964e-01
5.221747673012874236e-01
5.229684934142849739e-01
-5.692724681425951339e-01
5.065451501156365000e-01
3.118547941983020322e-01
1.013862005160782953e+00
1.753231126272191132e-01
-3.341482957646287333e-01
6.547175356755198239e-01
3.079380333771167821e-01
-5.658193370429323021e-01
-1.119967478517941983e-01
9.546287692565416094e-01
6.595837107365771779e-01
-2.797734864667666410e-01
5.837793394101621347e-01
2.032459957089396974e-02
1.265550065018742898e-01
7.960879764184878304e-01
-8.823528287983131158e-01
7.879686806206759320e-01
9.972795120567203853e-01
-8.020489697206583113e-01
-2.220052158931555275e-01
4.048107829392209589e-01
8.967146074953376012e-01
6.402997540118077202e-02
-5.697626854301829358e-02
-4.358328498543567187e-01
-8.365840678942101372e-01
-6.729280306030120951e-01
2.233512709840832500e-01
-2.731521393177802071e-01
-1.433016999030228278e-01
4.963609609384547761e-01
-1.139296347513922392e+00
-5.390325505039725851e-01
-1.871672042938388181e-01
-5.441538138594712581e-01
3.301376204618411414e-01
6.681001330455269560e-01
-5.618511045156859840e-01
-4.934502812912211489e-01
1.135539883321631249e-01
-1.120120270999571011e+00
4.340585310164897792e-01
4.809021260348739224e-02
-8.961888112915167293e-02
-8.244014619234509844e-01
-1.044974151027914910e+00
-5.901543920372529506e-01
4.095793669566473727e-01
-8.720299203311241421e-01
1.726867404637227876e-02
-1.405571118016006427e+00
-7.113789636113171388e-02
-1.380112814190566084e+00
2.862735010214425002e-01
-8.093473275863873884e-01
1.853208294431269998e-01
9.525113790769768052e-02
-5.275169650357340867e-01
-1.182433833764761077e+00
-4.945716846847665327e-01
-6.391549418565549701e-01
2.478655688624931130e-02
1.702913129334995279e-01
-1.050870440837726516e+00
-8.402996960303090734e-01
-6.634825882996464586e-03
-6.120641532213435543e-01
